4.96264
0.176513
0.329495
2.82715
0.26149
0.657213
3.01646
1.34435
0.768744
1.3279
1.40578
1.06189
0.376165
1.60437
0.726023
0.183245
0.639275
0.493756
0.248684
0.237944
0.0305935
0.402408
0.214235
2.77032
0.85808
2.22796
1.08199
0.683693
0.81385
0.19974
0.348887
0.123997
0.0645327
1.03215
1.27486
1.00195
1.23469
0.104146
1.18599
0.113266
0.137391
0.691184
0.23115
0.338222
0.0862264
0.136118
0.784567
0.085301
0.342733
2.16819
0.255651
0.560254
0.150573
0.506991
1.1467
0.185752
0.575988
0.0460758
0.369904
0.698703
0.199893
0.708442
1.33104
0.451807
0.174027
0.610659
0.977119
1.11791
1.18251
0.644952
0.093761
0.410146
0.0993477
0.568456
0.637664
0.538575
1.47972
0.968643
3.64316
0.458763
1.7442
0.150658
1.34351
1.73812
0.491789
0.961722
0.422149
0.0469427
0.938882
0.829084
0.684251
1.26913
0.154991
0.0429255
0.369172
0.128767
0.275014
0.475605
0.574765
0.905734
1.02229
0.561613
0.803459
1.24483
1.01621
1.14305
0.100384
0.130228
0.05828
1.68495
0.13318
0.37632
0.197658
0.1523
1.07867
1.14122
0.21037
0.568108
3.16915
1.98278
0.139259
0.656196
0.465423
2.24817
0.195349
1.1241
0.96411
3.77348
0.5758
1.60602
4.43474
0.771979
0.293272
1.00687
0.848701
0.297029
0.211095
0.584579
0.160476
4.60595
0.128904
1.04171
0.0279958
0.48996
1.72785
0.331148
0.931638
0.267645
0.524338
1.11825
1.84149
1.0353
0.084288
0.127852
0.646207
1.48121
0.632611
2.76433
3.65709
0.403918
0.224773
0.416321
1.04737
1.13369
0.930963
0.104532
1.43168
1.31165
0.273798
0.303007
3.08775
0.545663
0.406157
0.000247897
1.98768
0.00373543
0.179998
0.0118116
0.922231
1.29118
0.940809
3.20057
0.680722
0.747212
0.613408
1.23179
0.858145
1.13383
2.94683
0.0237764
0.326039
1.99266
0.352849
0.381846
0.35514
2.72984
1.84777
1.3794
0.764896
0.52042
0.236912
0.0786396
0.33965
0.0198447
0.27394
0.481311
0.601191
0.464361
0.574872
0.124546
1.60945
0.178865
0.329374
0.188164
2.65266
1.12814
0.14248
0.291749
0.50543
0.456887
1.27822
0.322916
1.16763
0.687131
0.125119
0.162854
1.12965
1.25811
3.61363
1.17793
0.806217
1.12773
2.97426
0.901842
1.44929
2.37992
1.06282
1.09797
0.853996
2.93028
0.176529
0.404665
2.90793
0.115325
0.954849
3.00316
3.84458
0.0728517
0.69104
1.12743
0.797601
0.87479
1.16143
0.615318
0.844865
0.0751535
1.00503
0.486367
0.247783
0.00221962
0.677898
0.210756
0.0223635
2.2779
1.32295
0.582564
0.535951
1.4095
0.570583
0.210347
0.851497
0.141326
0.379333
0.660944
2.69954
2.62629
0.0759783
0.937283
0.715967
0.968782
0.138991
1.02405
0.142998
1.04562
0.305742
0.476799
0.882464
1.0942
0.799836
0.019564
0.202245
4.16704
0.843533
1.00366
0.893671
0.716976
0.398189
0.50099
2.10381
1.45366
0.903965
0.0248667
0.0122519
1.18334
0.306796
1.31579
4.99597
1.36547
0.657179
1.70458
0.963857
2.26752
0.0577618
1.32463
0.467833
0.0372366
1.47389
1.78208
0.419702
0.0847852
0.2499
0.164226
0.508287
0.750841
1.64112
0.0413449
0.124537
0.847031
1.75304
0.22723
0.270646
4.62654
0.296854
2.17195
1.83982
0.363151
0.0336984
1.20952
0.213579
0.704307
0.0216326
1.10322
1.65068
1.6187
0.650629
0.76335
1.49427
0.405845
1.18596
0.549889
1.71302
2.80086
0.800961
1.22318
0.471302
1.03274
0.0464256
0.167745
2.11518
1.26126
3.10527
0.557571
0.140574
0.573359
0.623696
0.523101
0.322038
0.323839
2.96015
1.60414
3.26977
4.95995
2.82647
0.283525
0.00668296
0.582913
1.10717
0.67951
0.0210889
1.74961
0.114082
0.0970876
2.15596
0.585082
2.31058
0.799189
1.40372
1.66103
0.753699
0.0563211
0.0551139
2.23614
0.157728
0.652765
0.0691894
0.327487
2.61134
0.700977
0.822572
1.5863
1.02593
0.366922
0.0486486
0.288039
1.23468
1.09803
0.919314
0.159317
1.56013
1.08115
1.88747
1.63513
0.0732858
0.0707771
2.1582
1.39812
0.0723955
1.8731
1.47025
1.14031
0.265233
0.61335
2.66106
1.08018
0.609878
2.13573
0.845716
0.0304229
1.43626
0.420301
0.928917
0.243444
1.02005
0.838271
1.59408
3.12019
0.509266
4.58917
1.35062
0.589489
0.49942
0.130744
0.752953
1.75889
2.42464
1.71505
0.585029
0.308343
1.07858
1.4342
1.08317
0.694266
1.76918
0.96289
0.605973
0.801276
0.451534
1.05521
2.41754
0.320474
0.128285
3.21062
1.18006
0.580817
0.983364
0.455494
0.269957
0.35418
1.22263
0.0483027
0.671791
0.084149
0.129191
4.29847
0.434942
1.42591
2.28286
0.499953
1.66934
0.425601
0.30707
0.454171
1.37534
0.876684
0.665773
1.10545
0.394649
1.88514
1.75315
0.172585
0.386013
2.87833
0.0995264
0.260669
1.9297
0.441927
3.82621
0.0322748
1.73198
0.720164
0.665747
3.15783
3.0718
1.13079
1.93094
0.602865
0.400703
0.0605488
0.596381
0.243205
0.420496
0.790244
0.37904
2.18001
0.66698
0.294036
3.2826
2.34864
0.255138
0.39396
0.335151
0.152633
0.103821
0.212002
0.365715
2.00652
0.491861
1.52946
0.222473
3.90352
2.09487
0.115549
0.433703
0.802958
1.15851
1.0202
0.447315
0.0815688
0.222478
1.24529
1.34453
1.43744
0.279434
1.08918
2.12874
0.453152
0.750724
0.692058
0.374583
0.963244
0.0199683
1.11413
0.556735
0.263012
3.96147
0.363135
0.675905
1.3609
2.17011
0.0460227
0.55283
0.255473
0.655489
0.178572
0.0934337
0.48074
0.0239597
0.396772
0.750038
0.641449
2.05237
0.60227
0.681123
0.500075
2.12155
1.31346
0.114496
0.502925
1.81338
1.71832
2.66419
0.279627
1.0089
0.673366
0.0757527
1.49113
0.0427274
1.19202
2.72092
1.19016
1.47633
0.212506
0.00690326
1.81587
2.44334
0.275032
0.209266
1.30982
0.178425
4.11254
3.73914
1.05769
0.0188238
1.40437
0.438749
0.704384
1.32396
0.830334
0.338426
0.531403
3.66689
0.451644
0.722347
1.82338
3.25969
0.297261
0.644523
0.569858
0.472955
0.225288
0.792104
0.292789
0.79052
1.99962
0.273917
0.169662
0.244354
0.122727
1.36247
0.171055
0.640828
0.780128
2.06401
0.0171761
0.775059
0.379615
1.53012
2.00878
1.32244
0.0961919
0.355773
1.00188
0.838665
1.23103
1.02151
0.259968
3.35666
3.21015
0.342373
0.191286
0.372187
3.81748
0.831401
1.82498
0.154856
0.610355
0.925841
0.201972
0.416268
0.922176
1.78706
0.204487
0.0305313
0.364306
0.132893
0.312759
2.02701
0.458888
2.19111
0.519609
2.08696
1.03166
0.26839
0.744954
0.344961
0.0983679
2.63445
0.12881
0.426677
0.0688955
1.01575
1.16405
0.404471
0.464774
0.373632
0.765952
0.103062
0.667888
0.395297
1.22059
2.08552
0.494874
1.88709
0.617394
0.741297
0.673317
0.30922
0.865477
0.0586528
3.0549
1.45337
0.0433562
0.683345
0.0533401
0.815921
3.07675
0.956179
0.74458
1.18264
0.204455
0.799097
1.08362
0.164524
2.8535
0.205264
0.859442
1.86621
0.112214
1.11263
1.5639
1.05905
0.0093309
0.229259
1.00003
0.0387385
1.11824
1.11887
1.10009
0.500294
1.07043
0.991803
3.11545
4.27031
0.10389
0.0698178
0.55016
2.82455
1.21589
0.62301
0.0455556
1.36077
1.12024
0.235089
0.503859
2.94219
0.0291272
2.6516
1.84026
1.07381
1.98096
1.04402
0.597389
0.361218
0.430264
0.325397
0.267168
0.0271875
1.04318
1.22827
0.956473
0.133067
0.597362
2.47833
0.127867
0.512642
0.299129
1.48543
1.08868
0.0269692
0.669474
2.39574
1.20158
0.978081
0.854354
0.980608
1.29276
1.01335
0.617271
0.941998
0.291363
1.62574
0.258048
0.593197
2.02757
0.224905
0.734349
0.134292
0.856842
0.301268
0.231136
0.796538
1.86859
0.713624
0.808555
1.0837
4.85924
0.194887
0.123245
0.0703848
0.963691
0.374496
2.15272
1.61467
0.556906
0.736388
0.597156
0.984818
0.827311
3.04492
2.32211
1.1913
0.469181
1.1369
0.219095
0.949953
0.529224
1.70396
1.38824
1.19852
0.449166
1.68342
1.37246
0.0496534
0.744456
0.948278
0.313503
1.58692
0.266038
2.27981
0.297136
0.21078
0.0124043
1.88166
0.959263
1.89775
0.149849
2.01596
1.21761
0.0965288
0.0208264
1.50221
0.0303348
0.695571
0.0845469
1.46224
2.01514
2.07228
2.10023
2.01402
0.60813
2.26548
0.785729
0.0572182
0.884783
0.821303
1.4736
0.347542
0.0414237
0.503986
0.329021
1.61586
0.70066
1.15048
0.675958
0.600538
0.542384
0.0397666
0.0949494
0.496202
0.144402
3.27343
1.64096
0.39122
3.11266
0.104923
0.107844
0.364116
0.40262
1.9118
0.732716
0.945083
3.68668
1.57075
0.219987
0.604454
0.837302
0.240112
1.1451
0.323966
0.196658
0.502229
0.176453
1.5956
0.0867366
1.00504
0.260458
0.858461
1.95524
2.60984
1.69205
0.648847
0.999904
0.198799
0.627432
0.367004
1.09155
1.26399
0.846259
0.742962
1.62851
3.92375
0.388133
0.922084
1.40422
1.54009
0.0719891
0.791325
0.00927952
1.51115
1.15328
3.14878
0.719413
0.43815
0.652172
0.55698
4.56529
0.909131
1.51283
3.32431
0.66275
0.0990328
3.60208
0.127905
0.983535
0.214357
0.237807
0.0146075
0.452873
0.412203
1.26204
0.45422
0.0211135
0.140182
0.874204
1.30439
1.95063
0.146265
0.0534791
0.516654
0.274475
0.633496
2.01245
0.600851
0.0737508
0.373887
0.67237
1.33455
1.17151
3.73998
0.382129
1.60338
0.0545705
1.35142
0.358721
0.0970109
2.63436
1.35416
0.104666
1.25682
0.234878
3.13747
1.36313
1.32666
0.706508
0.0906951
1.03744
0.0853499
1.28022
0.75296
1.36358
1.93422
0.0350727
0.0970557
1.05223
3.05873
0.661214
1.92485
0.0879815
1.25072
1.86552
1.67861
1.24288
0.51999
1.00048
0.734612
0.461294
0.432391
0.90145
0.101845
0.320882
